   0       -5.70241             -5             -5       -1.28789              0              0
   1       -4.29168             -5             -5      -0.620454              0              0
   2       -3.14458             -5             -5      -0.314503              0              0
   3         -2.071             -5             -5      -0.153841              0              0
   4       -1.02165             -5             -5     -0.0467105              0              0
   5      0.0216487             -5             -5      0.0467107              0              0
   6          1.071             -5             -5       0.153841              0              0
   7        2.14458             -5             -5       0.314504              0              0
   8        3.29168             -5             -5       0.620453              0              0
   9        4.70241             -5             -5        1.28789              0              0
